[gd_scene format=3 uid="uid://cyi1st5yo8ukd"]

[ext_resource type="Script" uid="uid://iefbpqgwinon" path="res://game.gd" id="1_80nbo"]

[sub_resource type="ProceduralSkyMaterial" id="ProceduralSkyMaterial_mwb40"]
sky_horizon_color = Color(0.66224277, 0.6717428, 0.6867428, 1)
ground_horizon_color = Color(0.66224277, 0.6717428, 0.6867428, 1)

[sub_resource type="Sky" id="Sky_80nbo"]
sky_material = SubResource("ProceduralSkyMaterial_mwb40")

[sub_resource type="Environment" id="Environment_e2o6t"]
background_mode = 2
sky = SubResource("Sky_80nbo")
tonemap_mode = 2
ssil_enabled = true
glow_enabled = true
volumetric_fog_enabled = true

[node name="Game" type="Node3D" unique_id=159294576]
script = ExtResource("1_80nbo")

[node name="DirectionalLight3D" type="DirectionalLight3D" parent="." unique_id=786196250]
transform = Transform3D(-0.8660254, -0.43301278, 0.25, 0, 0.49999997, 0.86602545, -0.50000006, 0.75, -0.43301266, 0, 0, 0)
shadow_enabled = true

[node name="WorldEnvironment" type="WorldEnvironment" parent="." unique_id=1829733486]
environment = SubResource("Environment_e2o6t")

[node name="MultiplayerSpawner" type="MultiplayerSpawner" parent="." unique_id=2044530733]
_spawnable_scenes = PackedStringArray("uid://dbiptpnc576os")
spawn_path = NodePath("..")

[node name="HostPosition" type="Node3D" parent="." unique_id=1158607876]
transform = Transform3D(1, 0, 0, 0, 1, 0, 0, 0, 1, 20.156206, 12.744419, -4.0963593)

[node name="ClientPosition" type="Node3D" parent="." unique_id=144583522]
transform = Transform3D(1, 0, 0, 0, 1, 0, 0, 0, 1, -29.860628, 9.598574, -3.3377721)

[node name="CSGCombiner3D" type="CSGCombiner3D" parent="." unique_id=345663770]

[node name="CSGBox3D" type="CSGBox3D" parent="CSGCombiner3D" unique_id=429483313]
transform = Transform3D(1, 0, 0, 0, 1, 0, 0, 0, 1, 0.743042, -5.772705, -2.7047424)
use_collision = true
size = Vector3(58.966064, 6.54541, 68.73981)

[node name="CSGBox3D2" type="CSGBox3D" parent="CSGCombiner3D" unique_id=860225178]
transform = Transform3D(1, 0, 0, 0, 1, 0, 0, 0, 1, -2.1006393, 23.07873, 30.066742)
use_collision = true
size = Vector3(67.16312, 54.396973, 5.90448)

[node name="CSGBox3D3" type="CSGBox3D" parent="CSGCombiner3D" unique_id=830583952]
transform = Transform3D(1, 0, 0, 0, 1, 0, 0, 0, 1, -2.1006393, 10.083796, -34.583702)
use_collision = true
size = Vector3(67.16312, 28.407104, 5.90448)

[node name="CSGBox3D6" type="CSGBox3D" parent="CSGCombiner3D" unique_id=663874391]
transform = Transform3D(1, 0, 0, 0, 1, 0, 0, 0, 1, -2.1006393, 45.323555, -34.583702)
use_collision = true
size = Vector3(67.16312, 28.407104, 5.90448)

[node name="CSGBox3D4" type="CSGBox3D" parent="CSGCombiner3D" unique_id=1731420990]
transform = Transform3D(-4.371139e-08, 0, 1, 0, 1, 0, -1, 0, -4.371139e-08, -31.55526, 23.151056, -1.0680084)
use_collision = true
size = Vector3(67.16312, 54.541626, 5.90448)

[node name="CSGBox3D5" type="CSGBox3D" parent="CSGCombiner3D" unique_id=2108202790]
transform = Transform3D(-4.371139e-08, 0, 1, 0, 1, 0, -1, 0, -4.371139e-08, 28.28231, 23.166925, -1.0680084)
use_collision = true
size = Vector3(67.16312, 54.573364, 5.90448)

[node name="CSGBox3D18" type="CSGBox3D" parent="CSGCombiner3D" unique_id=1462962642]
transform = Transform3D(-4.371139e-08, 0, 1, 0, 1, 0, -1, 0, -4.371139e-08, -25.038574, 6.6622267, -3.9274828)
use_collision = true
size = Vector3(62.836388, 1.7077026, 9.612942)

[node name="CSGBox3D21" type="CSGBox3D" parent="CSGCombiner3D" unique_id=213268684]
transform = Transform3D(-4.371139e-08, 0, 1, 0, 1, 0, -1, 0, -4.371139e-08, 21.1721, 6.6622267, -3.9274828)
use_collision = true
size = Vector3(62.836388, 1.7077026, 9.612942)

[node name="CSGBox3D19" type="CSGBox3D" parent="CSGCombiner3D" unique_id=2102722466]
transform = Transform3D(-4.371139e-08, 0, 1, 0, 1, 0, -1, 0, -4.371139e-08, -21.562828, 7.449956, -3.927483)
use_collision = true
size = Vector3(62.836388, 1.7077026, 2.6614513)

[node name="CSGBox3D20" type="CSGBox3D" parent="CSGCombiner3D" unique_id=120937447]
transform = Transform3D(-4.371139e-08, 0, 1, 0, 1, 0, -1, 0, -4.371139e-08, 17.379967, 7.449956, -3.927483)
use_collision = true
size = Vector3(62.836388, 1.7077026, 2.6614513)

[node name="CSGBox3D14" type="CSGBox3D" parent="CSGCombiner3D" unique_id=180127292]
transform = Transform3D(-4.371139e-08, 0, 1, 0, 1, 0, -1, 0, -4.371139e-08, -3.6374187, 6.1001835, -0.82166636)
use_collision = true
size = Vector3(11.184251, 0.90463257, 70.33354)

[node name="CSGBox3D27" type="CSGBox3D" parent="CSGCombiner3D" unique_id=908933753]
transform = Transform3D(-4.3711392e-08, 1.9329031e-15, 1, 0.38018277, 0.9249113, 1.6618317e-08, -0.9249113, 0.38018277, -4.042916e-08, 3.0969596, 1.0710851, 16.726177)
use_collision = true
size = Vector3(27.96928, 0.90463257, 10.459961)

[node name="CSGBox3D28" type="CSGBox3D" parent="CSGCombiner3D" unique_id=554866641]
transform = Transform3D(0.06050822, -0.024871754, -0.9978578, 0.38018277, 0.9249113, 1.661832e-08, 0.92293, -0.37936834, 0.06542055, -17.054216, 1.0710851, -16.66883)
use_collision = true
size = Vector3(27.96928, 0.90463257, 10.459961)

[node name="CSGBox3D29" type="CSGBox3D" parent="CSGCombiner3D" unique_id=1192795933]
transform = Transform3D(-0.8333501, 0.55242044, -0.01895207, 0.5524565, 0.8335333, 0.0037502223, 0.017868893, -0.0073449165, -0.99981344, 4.314357, 3.7918053, -26.49777)
use_collision = true
size = Vector3(27.96928, 0.90463257, 10.459961)

[node name="CSGBox3D30" type="CSGBox3D" parent="CSGCombiner3D" unique_id=1765701178]
transform = Transform3D(-0.8333501, 0.55242044, -0.01895207, 0.5524565, 0.8335333, 0.0037502223, 0.017868893, -0.0073449165, -0.99981344, 4.63853, 1.7796695, 11.287204)
use_collision = true
size = Vector3(20.684958, 0.90463257, 10.459961)

[node name="CSGBox3D15" type="CSGBox3D" parent="CSGCombiner3D" unique_id=209076189]
transform = Transform3D(-4.371139e-08, 0, 1, 0, 1, 0, -1, 0, -4.371139e-08, -12.858911, -2.6228771, -25.557878)
use_collision = true
size = Vector3(11.184251, 36.160484, 13.1015625)

[node name="CSGBox3D16" type="CSGBox3D" parent="CSGCombiner3D" unique_id=2056554744]
transform = Transform3D(-4.371139e-08, 0, 1, 0, 1, 0, -1, 0, -4.371139e-08, 6.008403, -2.6228771, -15.738602)
use_collision = true
size = Vector3(11.184251, 36.160484, 13.1015625)

[node name="CSGBox3D17" type="CSGBox3D" parent="CSGCombiner3D" unique_id=2088723642]
transform = Transform3D(-4.371139e-08, 0, 1, 0, 1, 0, -1, 0, -4.371139e-08, -12.417712, -2.6228733, 16.455158)
use_collision = true
size = Vector3(11.184251, 36.160484, 13.1015625)

[node name="CSGBox3D22" type="CSGBox3D" parent="CSGCombiner3D" unique_id=844389465]
transform = Transform3D(-4.371139e-08, 0, 1, 0, 1, 0, -1, 0, -4.371139e-08, 3.7876005, -2.6228771, 25.360554)
use_collision = true
size = Vector3(11.184251, 36.160484, 13.1015625)

[node name="CSGBox3D23" type="CSGBox3D" parent="CSGCombiner3D" unique_id=1400721541]
transform = Transform3D(-4.371139e-08, 0, 1, 0, 1, 0, -1, 0, -4.371139e-08, 3.7876005, 9.601418, 25.360554)
use_collision = true
size = Vector3(18.666016, 0.6904297, 20.98413)

[node name="CSGBox3D24" type="CSGBox3D" parent="CSGCombiner3D" unique_id=903426813]
transform = Transform3D(-4.371139e-08, 0, 1, 0, 1, 0, -1, 0, -4.371139e-08, -13.591645, 7.448244, 15.314968)
use_collision = true
size = Vector3(18.666016, 0.6904297, 20.98413)

[node name="CSGBox3D25" type="CSGBox3D" parent="CSGCombiner3D" unique_id=390153339]
transform = Transform3D(-4.371139e-08, 0, 1, 0, 1, 0, -1, 0, -4.371139e-08, -14.545468, 9.601418, -25.82479)
use_collision = true
size = Vector3(18.666016, 0.6904297, 20.98413)

[node name="CSGBox3D26" type="CSGBox3D" parent="CSGCombiner3D" unique_id=1609325998]
transform = Transform3D(-4.371139e-08, 0, 1, 0, 1, 0, -1, 0, -4.371139e-08, 5.0420218, 8.397974, -14.785473)
use_collision = true
size = Vector3(18.666016, 0.6904297, 20.98413)

[node name="CSGBox3D13" type="CSGBox3D" parent="CSGCombiner3D" unique_id=1197726667]
transform = Transform3D(-4.371139e-08, 0, 1, 0, 1, 0, -1, 0, -4.371139e-08, -3.6374187, -2.1524334, -0.82166636)
operation = 2
use_collision = true
size = Vector3(11.184251, 4.0582886, 70.33354)
