[gd_scene format=3 uid="uid://cyi1st5yo8ukd"]

[ext_resource type="Script" uid="uid://iefbpqgwinon" path="res://game.gd" id="1_80nbo"]

[sub_resource type="ProceduralSkyMaterial" id="ProceduralSkyMaterial_mwb40"]
sky_horizon_color = Color(0.66224277, 0.6717428, 0.6867428, 1)
ground_horizon_color = Color(0.66224277, 0.6717428, 0.6867428, 1)

[sub_resource type="Sky" id="Sky_80nbo"]
sky_material = SubResource("ProceduralSkyMaterial_mwb40")

[sub_resource type="Environment" id="Environment_e2o6t"]
background_mode = 2
sky = SubResource("Sky_80nbo")
tonemap_mode = 2
ssil_enabled = true
glow_enabled = true
volumetric_fog_enabled = true
volumetric_fog_density = 0.025
volumetric_fog_albedo = Color(0.65056974, 0.58972025, 0.5999851, 1)

[node name="Game" type="Node3D" unique_id=159294576]
script = ExtResource("1_80nbo")

[node name="WorldEnvironment" type="WorldEnvironment" parent="." unique_id=1829733486]
environment = SubResource("Environment_e2o6t")

[node name="MultiplayerSpawner" type="MultiplayerSpawner" parent="." unique_id=2044530733]
_spawnable_scenes = PackedStringArray("uid://dbiptpnc576os")
spawn_path = NodePath("..")

[node name="HostPosition" type="Node3D" parent="." unique_id=1158607876]
transform = Transform3D(1, 0, 0, 0, 1, 0, 0, 0, 1, 45.570934, 2, 2)

[node name="ClientPosition" type="Node3D" parent="." unique_id=144583522]
transform = Transform3D(1, 0, 0, 0, 1, 0, 0, 0, 1, -40, 2, 0)

[node name="CSGCombiner3D" type="CSGCombiner3D" parent="." unique_id=1721842706]
transform = Transform3D(1, 0, 0, 0, 1, 0, 0, 0, 1, 0, -6, 0)
use_collision = true

[node name="CSGBox3D" type="CSGBox3D" parent="CSGCombiner3D" unique_id=494683257]
transform = Transform3D(1, 0, 0, 0, 1, 0, 0, 0, 1, 0, 0, -1.1804199)
size = Vector3(128, 1, 50.36084)

[node name="CSGBox3D5" type="CSGBox3D" parent="CSGCombiner3D" unique_id=1856085208]
transform = Transform3D(1, 0, 0, 0, 1, 0, 0, 0, 1, 0, 12.066803, 65.559654)
size = Vector3(128, 1, 50.36084)

[node name="CSGBox3D4" type="CSGBox3D" parent="CSGCombiner3D" unique_id=31591997]
transform = Transform3D(1, 0, 0, 0, 0.58988714, -0.80748564, 0, 0.80748564, 0.58988714, -0.15476799, 5.9638977, 32.19963)
size = Vector3(129.92975, 21.808044, 1)

[node name="CSGBox3D6" type="CSGBox3D" parent="CSGCombiner3D" unique_id=135696380]
transform = Transform3D(1, 0, 0, 0, -0.70710665, 0.70710665, 0, -0.70710665, -0.70710665, -63.58266, 15.52684, 15.501574)
size = Vector3(9.825211, 54.231003, 1)

[node name="CSGBox3D19" type="CSGBox3D" parent="CSGCombiner3D" unique_id=1904002999]
transform = Transform3D(0.9999894, 0.004413212, -0.0013137041, -0.0044124317, 0.9999901, 0.0005954431, 0.0013163218, -0.0005896339, 0.9999989, 1.5542732, 4.073246, 8.730609)
size = Vector3(14.093262, 9.188416, 7.979004)

[node name="CSGBox3D40" type="CSGBox3D" parent="CSGCombiner3D" unique_id=595121336]
transform = Transform3D(0.9999894, 0.004413212, -0.0013137041, -0.0044124317, 0.9999901, 0.0005954431, 0.0013163218, -0.0005896339, 0.9999989, 1.4126554, 17.199978, 37.655724)
size = Vector3(12, 41, 33)

[node name="CSGBox3D39" type="CSGBox3D" parent="CSGCombiner3D" unique_id=422876688]
transform = Transform3D(0.9999894, 0.004413212, -0.0013137041, -0.0044124317, 0.9999901, 0.0005954431, 0.0013163218, -0.0005896339, 0.9999989, 1.7986314, 18.484352, -0.80289924)
size = Vector3(14, 23.570313, 26)

[node name="CSGBox3D53" type="CSGBox3D" parent="CSGCombiner3D" unique_id=1087121272]
transform = Transform3D(0.9999894, 0.004413212, -0.0013137041, -0.0044124317, 0.9999901, 0.0005954431, 0.0013163218, -0.0005896339, 0.9999989, 1.7655675, 29.406414, -0.17001939)
size = Vector3(7.114502, 12.999512, 12.960907)

[node name="CSGBox3D44" type="CSGBox3D" parent="CSGCombiner3D" unique_id=1904694042]
transform = Transform3D(0.9999894, 0.004413212, -0.0013137041, -0.0044124317, 0.9999901, 0.0005954431, 0.0013163218, -0.0005896339, 0.9999989, -60.910507, 26.87698, 33.82462)
size = Vector3(21.468903, 8.140495, 125.200386)

[node name="CSGBox3D56" type="CSGBox3D" parent="CSGCombiner3D" unique_id=2049657855]
transform = Transform3D(0.9999894, 0.004413212, -0.0013137041, -0.0044124317, 0.9999901, 0.0005954431, 0.0013163218, -0.0005896339, 0.9999989, -51.316635, 32.106186, -1.0200243)
size = Vector3(2.4192505, 9.188416, 18.418732)

[node name="CSGBox3D45" type="CSGBox3D" parent="CSGCombiner3D" unique_id=874513756]
transform = Transform3D(0.9999894, 0.004413212, -0.0013137041, -0.0044124317, 0.9999901, 0.0005954431, 0.0013163218, -0.0005896339, 0.9999989, -51.316635, 32.106186, 26.877644)
size = Vector3(2.4192505, 9.188416, 18.418732)

[node name="CSGBox3D57" type="CSGBox3D" parent="CSGCombiner3D" unique_id=1094291786]
transform = Transform3D(0.9999894, 0.004413212, -0.0013137042, -0.00218928, 0.70668286, 0.70752704, 0.00405084, -0.70751673, 0.70668495, -60.79861, 26.85488, 19.609274)
operation = 2
size = Vector3(4.165558, 9.188416, 23.751846)

[node name="CSGBox3D46" type="CSGBox3D" parent="CSGCombiner3D" unique_id=1030978343]
transform = Transform3D(0.9999894, 0.004413212, -0.0013137041, -0.0044124317, 0.9999901, 0.0005954431, 0.0013163218, -0.0005896339, 0.9999989, -51.316635, 32.106186, 54.83756)
size = Vector3(2.4192505, 9.188416, 18.418732)

[node name="CSGBox3D7" type="CSGBox3D" parent="CSGCombiner3D" unique_id=1277153464]
transform = Transform3D(1, 0, 0, 0, -0.70710665, 0.70710665, 0, -0.70710665, -0.70710665, 56.06174, 15.630398, 15.501574)
size = Vector3(9.825211, 54.231003, 1)

[node name="CSGBox3D47" type="CSGBox3D" parent="CSGCombiner3D" unique_id=747816324]
transform = Transform3D(0.9999894, 0.004413212, -0.0013137041, -0.0044124317, 0.9999901, 0.0005954431, 0.0013163218, -0.0005896339, 0.9999989, 52.845245, 26.87698, 33.82462)
size = Vector3(21.468903, 8.140495, 125.200386)

[node name="CSGBox3D58" type="CSGBox3D" parent="CSGCombiner3D" unique_id=567040702]
transform = Transform3D(0.9999894, 0.004413212, -0.0013137041, -0.0044124317, 0.9999901, 0.0005954431, 0.0013163218, -0.0005896339, 0.9999989, 43.64827, 32.209743, -1.0200243)
size = Vector3(2.4192505, 9.188416, 18.418732)

[node name="CSGBox3D48" type="CSGBox3D" parent="CSGCombiner3D" unique_id=1560682839]
transform = Transform3D(0.9999894, 0.004413212, -0.0013137041, -0.0044124317, 0.9999901, 0.0005954431, 0.0013163218, -0.0005896339, 0.9999989, 43.64827, 32.209743, 26.877644)
size = Vector3(2.4192505, 9.188416, 18.418732)

[node name="CSGBox3D59" type="CSGBox3D" parent="CSGCombiner3D" unique_id=1856207258]
transform = Transform3D(0.9999894, 0.004413212, -0.0013137042, -0.00218928, 0.70668286, 0.70752704, 0.00405084, -0.70751673, 0.70668495, 53.516697, 26.85488, 19.609274)
operation = 2
size = Vector3(4.165558, 9.188416, 23.751846)

[node name="CSGBox3D49" type="CSGBox3D" parent="CSGCombiner3D" unique_id=320302475]
transform = Transform3D(0.9999894, 0.004413212, -0.0013137041, -0.0044124317, 0.9999901, 0.0005954431, 0.0013163218, -0.0005896339, 0.9999989, 43.64827, 32.209743, 54.83756)
size = Vector3(2.4192505, 9.188416, 18.418732)

[node name="CSGBox3D43" type="CSGBox3D" parent="CSGCombiner3D" unique_id=2002154482]
transform = Transform3D(0.9999894, 0.004413212, -0.0013137041, -0.0044124317, 0.9999901, 0.0005954431, 0.0013163218, -0.0005896339, 0.9999989, 2.2800336, 29.231005, 23.15455)
size = Vector3(25.657112, 3.4291687, 7.979683)

[node name="CSGBox3D41" type="CSGBox3D" parent="CSGCombiner3D" unique_id=787130021]
transform = Transform3D(0.9999894, 0.004413212, -0.0013137041, -0.0044124317, 0.9999901, 0.0005954431, 0.0013163218, -0.0005896339, 0.9999989, 1.8406979, 33.507053, 34.82214)
operation = 2
size = Vector3(9.946907, 4.748993, 42.391006)

[node name="CSGBox3D62" type="CSGBox3D" parent="CSGCombiner3D" unique_id=1902895050]
transform = Transform3D(0.9999894, 0.004413212, -0.0013137041, -0.0044124317, 0.9999901, 0.0005954431, 0.0013163218, -0.0005896339, 0.9999989, 1.1571445, 33.516113, 45.075935)
operation = 2
size = Vector3(18.535799, 4.748993, 13.484765)

[node name="CSGBox3D42" type="CSGBox3D" parent="CSGCombiner3D" unique_id=1026196461]
transform = Transform3D(0.9999894, 0.004413212, -0.0013137041, -0.0044124317, 0.9999901, 0.0005954431, 0.0013163218, -0.0005896339, 0.9999989, 1.3263278, 33.501602, 21.732004)
operation = 2
size = Vector3(19.681307, 4.748993, 16.212105)

[node name="CSGBox3D52" type="CSGBox3D" parent="CSGCombiner3D" unique_id=917309274]
transform = Transform3D(0.9999894, 0.004413212, -0.0013137041, -0.0044124317, 0.9999901, 0.0005954431, 0.0013163218, -0.0005896339, 0.9999989, 1.3452499, 17.111313, 0.6798867)
operation = 2
size = Vector3(19.681307, 14, 13.94199)

[node name="CSGBox3D60" type="CSGBox3D" parent="CSGCombiner3D" unique_id=1534274378]
transform = Transform3D(0.9999894, 0.004413212, -0.0013137041, -0.0044124317, 0.9999901, 0.0005954431, 0.0013163218, -0.0005896339, 0.9999989, 1.3520174, 17.33242, -3.7200453)
operation = 2
size = Vector3(19.681307, 2.656929, 22.7416)

[node name="CSGBox3D61" type="CSGBox3D" parent="CSGCombiner3D" unique_id=672028001]
transform = Transform3D(0.9999894, 0.004413212, -0.0013137041, -0.0044124317, 0.9999901, 0.0005954431, 0.0013163218, -0.0005896339, 0.9999989, 1.6843504, 24.325396, -9.767975)
operation = 2
size = Vector3(3.5119271, 16.713806, 3.3131347)

[node name="CSGBox3D54" type="CSGBox3D" parent="CSGCombiner3D" unique_id=1110391007]
transform = Transform3D(0.9999894, 0.004413212, -0.0013137041, -0.0044124317, 0.9999901, 0.0005954431, 0.0013163218, -0.0005896339, 0.9999989, 1.4994389, 15.529732, 37.605892)
operation = 2
size = Vector3(9.682045, 5.800659, 92.33371)

[node name="CSGBox3D38" type="CSGBox3D" parent="CSGCombiner3D" unique_id=53011156]
transform = Transform3D(0.9999894, 0.004413212, -0.0013137043, -0.004168681, 0.746524, -0.6653456, -0.0019555967, 0.66534394, 0.74653435, 9.943218, 21.149776, 37.22777)
size = Vector3(10.431824, 1.2164459, 28.572266)

[node name="CSGBox3D55" type="CSGBox3D" parent="CSGCombiner3D" unique_id=1649023554]
transform = Transform3D(0.9999894, 0.004413212, -0.0013137043, -0.004168681, 0.746524, -0.6653456, -0.0019555967, 0.66534394, 0.74653435, -5.5735664, 21.149776, 37.22777)
size = Vector3(10.431824, 1.2164459, 28.572266)

[node name="CSGBox3D26" type="CSGBox3D" parent="CSGCombiner3D" unique_id=918044648]
transform = Transform3D(0.9999894, 0.004413212, -0.0013137041, -0.0044124317, 0.9999901, 0.0005954431, 0.0013163218, -0.0005896339, 0.9999989, 1.6285602, 26.387222, 71.56154)
size = Vector3(14.093262, 10.684395, 26.669922)

[node name="CSGBox3D36" type="CSGBox3D" parent="CSGCombiner3D" unique_id=2020980706]
transform = Transform3D(0.9999894, 0.004413212, -0.0013137041, -0.0044124317, 0.9999901, 0.0005954431, 0.0013163218, -0.0005896339, 0.9999989, 28.22395, 18.452774, 69.66363)
size = Vector3(14.093262, 26.551182, 16.443848)

[node name="CSGBox3D37" type="CSGBox3D" parent="CSGCombiner3D" unique_id=974424360]
transform = Transform3D(0.9999894, 0.004413212, -0.0013137041, -0.0044124317, 0.9999901, 0.0005954431, 0.0013163218, -0.0005896339, 0.9999989, -32.60685, 18.452774, 69.66363)
size = Vector3(14.093262, 26.551182, 16.443848)

[node name="CSGBox3D50" type="CSGBox3D" parent="CSGCombiner3D" unique_id=1355634818]
transform = Transform3D(0.9999894, 0.004413212, -0.0013137041, -0.0044124317, 0.9999901, 0.0005954431, 0.0013163218, -0.0005896339, 0.9999989, -32.124733, 28.74143, 69.05894)
size = Vector3(7.930298, 23.146685, 8.081421)

[node name="CSGBox3D51" type="CSGBox3D" parent="CSGCombiner3D" unique_id=287047099]
transform = Transform3D(0.9999894, 0.004413212, -0.0013137041, -0.0044124317, 0.9999901, 0.0005954431, 0.0013163218, -0.0005896339, 0.9999989, 28.80255, 29.170652, 69.561935)
size = Vector3(7.930298, 23.146685, 8.081421)

[node name="CSGBox3D30" type="CSGBox3D" parent="CSGCombiner3D" unique_id=759064955]
transform = Transform3D(0.9999894, 0.004413212, -0.0013137041, -0.0044124317, 0.9999901, 0.0005954431, 0.0013163218, -0.0005896339, 0.9999989, 1.6121225, 16.722721, 62.27587)
size = Vector3(14.093262, 12.054337, 6.2470703)

[node name="CSGBox3D32" type="CSGBox3D" parent="CSGCombiner3D" unique_id=575621284]
transform = Transform3D(0.9999894, 0.004413212, -0.0013137041, -0.0044124317, 0.9999901, 0.0005954431, 0.0013163218, -0.0005896339, 0.9999989, 1.6121225, 16.722721, 62.27587)
size = Vector3(14.093262, 12.054337, 6.2470703)

[node name="CSGBox3D31" type="CSGBox3D" parent="CSGCombiner3D" unique_id=1553456192]
transform = Transform3D(0.9999894, 0.004413212, -0.0013137041, -0.0044124317, 0.9999901, 0.0005954431, 0.0013163218, -0.0005896339, 0.9999989, 1.6121225, 16.722721, 81.48154)
size = Vector3(14.093262, 12.054337, 6.2470703)

[node name="CSGBox3D23" type="CSGBox3D" parent="CSGCombiner3D" unique_id=1858844098]
transform = Transform3D(1, 0, 0, 0, 1, 0, 0, 0, 1, 0.52988625, 4.431122, -10.233942)
size = Vector3(15.838867, 9.862244, 5)

[node name="CSGBox3D20" type="CSGBox3D" parent="CSGCombiner3D" unique_id=666474602]
transform = Transform3D(1, 0, 0, 0, 1, 0, 0, 0, 1, -0.33760834, 24.920166, -23.465565)
size = Vector3(128.83482, 50.840332, 5)

[node name="CSGBox3D21" type="CSGBox3D" parent="CSGCombiner3D" unique_id=859420253]
transform = Transform3D(1, 0, 0, 0, 1, 0, 0, 0, 1, -47.45649, 8.230421, -3.0217857)
size = Vector3(6.3618164, 19.611206, 26.344849)

[node name="CSGBox3D35" type="CSGBox3D" parent="CSGCombiner3D" unique_id=1281314521]
transform = Transform3D(1, 0, 0, 0, 1, 0, 0, 0, 1, 37.603786, 6.020315, -4.078285)
size = Vector3(5.3328247, 13.125122, 24.213501)

[node name="CSGBox3D63" type="CSGBox3D" parent="CSGCombiner3D" unique_id=1430440374]
transform = Transform3D(1, 0, 0, 0, 1, 0, 0, 0, 1, -24.890358, 29.072058, 40.182846)
size = Vector3(13.307526, 59.228607, 15.717682)

[node name="CSGBox3D" type="CSGBox3D" parent="CSGCombiner3D/CSGBox3D63" unique_id=1238059488]
transform = Transform3D(1, 0, 0, 0, 1, 0, 0, 0, 1, 0.20019531, 26.893496, 0)
operation = 2
size = Vector3(10.599609, 3.2130127, 17)

[node name="CSGBox3D2" type="CSGBox3D" parent="CSGCombiner3D/CSGBox3D63" unique_id=1554506471]
transform = Transform3D(1, 0, 0, 0, 1, 0, 0, 0, 1, 0.28234863, 26.893496, 0.28793335)
operation = 2
size = Vector3(16.391846, 3.2130127, 13.051331)

[node name="CSGBox3D3" type="CSGBox3D" parent="CSGCombiner3D/CSGBox3D63" unique_id=1650059124]
transform = Transform3D(1, 0, 0, 0, 1, 0, 0, 0, 1, 0.20019531, 21.589872, 0)
operation = 2
size = Vector3(10.599609, 3.2130127, 17)

[node name="CSGBox3D4" type="CSGBox3D" parent="CSGCombiner3D/CSGBox3D63" unique_id=29816617]
transform = Transform3D(1, 0, 0, 0, 1, 0, 0, 0, 1, 0.28234863, 21.589872, 0.28793335)
operation = 2
size = Vector3(16.391846, 3.2130127, 13.051331)

[node name="CSGBox3D5" type="CSGBox3D" parent="CSGCombiner3D/CSGBox3D63" unique_id=33301099]
transform = Transform3D(1, 0, 0, 0, 1, 0, 0, 0, 1, 0.20019531, 21.589872, 0)
operation = 2
size = Vector3(10.599609, 3.2130127, 17)

[node name="CSGBox3D6" type="CSGBox3D" parent="CSGCombiner3D/CSGBox3D63" unique_id=1042915721]
transform = Transform3D(1, 0, 0, 0, 1, 0, 0, 0, 1, 0.28234863, 21.589872, 0.28793335)
operation = 2
size = Vector3(16.391846, 3.2130127, 13.051331)

[node name="CSGBox3D64" type="CSGBox3D" parent="CSGCombiner3D" unique_id=509707296]
transform = Transform3D(1, 0, 0, 0, 1, 0, 0, 0, 1, 27.78217, 29.072058, 40.182846)
size = Vector3(13.307526, 59.228607, 15.717682)

[node name="CSGBox3D" type="CSGBox3D" parent="CSGCombiner3D/CSGBox3D64" unique_id=1889969554]
transform = Transform3D(1, 0, 0, 0, 1, 0, 0, 0, 1, 0.20019531, 26.893496, 0)
operation = 2
size = Vector3(10.599609, 3.2130127, 17)

[node name="CSGBox3D2" type="CSGBox3D" parent="CSGCombiner3D/CSGBox3D64" unique_id=712605760]
transform = Transform3D(1, 0, 0, 0, 1, 0, 0, 0, 1, 0.28234863, 26.893496, 0.28793335)
operation = 2
size = Vector3(16.391846, 3.2130127, 13.051331)

[node name="CSGBox3D3" type="CSGBox3D" parent="CSGCombiner3D/CSGBox3D64" unique_id=1354167962]
transform = Transform3D(1, 0, 0, 0, 1, 0, 0, 0, 1, 0.20019531, 21.589872, 0)
operation = 2
size = Vector3(10.599609, 3.2130127, 17)

[node name="CSGBox3D4" type="CSGBox3D" parent="CSGCombiner3D/CSGBox3D64" unique_id=1554942937]
transform = Transform3D(1, 0, 0, 0, 1, 0, 0, 0, 1, 0.28234863, 21.589872, 0.28793335)
operation = 2
size = Vector3(16.391846, 3.2130127, 13.051331)

[node name="CSGBox3D5" type="CSGBox3D" parent="CSGCombiner3D/CSGBox3D64" unique_id=112386730]
transform = Transform3D(1, 0, 0, 0, 1, 0, 0, 0, 1, 0.20019531, 21.589872, 0)
operation = 2
size = Vector3(10.599609, 3.2130127, 17)

[node name="CSGBox3D6" type="CSGBox3D" parent="CSGCombiner3D/CSGBox3D64" unique_id=281363709]
transform = Transform3D(1, 0, 0, 0, 1, 0, 0, 0, 1, 0.28234863, 21.589872, 0.28793335)
operation = 2
size = Vector3(16.391846, 3.2130127, 13.051331)

[node name="CSGBox3D28" type="CSGBox3D" parent="CSGCombiner3D" unique_id=798450748]
transform = Transform3D(1, 0, 0, 0, 1, 0, 0, 0, 1, 60.75058, 25.0288, 29.913597)
size = Vector3(5.3328247, 51.14209, 121.87549)

[node name="CSGBox3D29" type="CSGBox3D" parent="CSGCombiner3D" unique_id=58920489]
transform = Transform3D(1, 0, 0, 0, 1, 0, 0, 0, 1, -65.300415, 25.028801, 30.13481)
size = Vector3(5.3328247, 51.14209, 121.87549)

[node name="CSGBox3D" type="CSGBox3D" parent="." unique_id=719080274]
transform = Transform3D(1, 0, 0, 0, 1, 0, 0, 0, 1, -6.6311035, 21.11737, 92.20517)
size = Vector3(128.25342, 45.23474, 7.354065)
