[gd_scene format=3 uid="uid://cyi1st5yo8ukd"]

[ext_resource type="Script" uid="uid://iefbpqgwinon" path="res://game.gd" id="1_80nbo"]

[sub_resource type="ProceduralSkyMaterial" id="ProceduralSkyMaterial_mwb40"]
sky_horizon_color = Color(0.66224277, 0.6717428, 0.6867428, 1)
ground_horizon_color = Color(0.66224277, 0.6717428, 0.6867428, 1)

[sub_resource type="Sky" id="Sky_80nbo"]
sky_material = SubResource("ProceduralSkyMaterial_mwb40")

[sub_resource type="Environment" id="Environment_e2o6t"]
background_mode = 2
sky = SubResource("Sky_80nbo")
tonemap_mode = 2
ssil_enabled = true
glow_enabled = true
volumetric_fog_enabled = true
volumetric_fog_density = 0.025
volumetric_fog_albedo = Color(0.65056974, 0.58972025, 0.5999851, 1)

[node name="Game" type="Node3D" unique_id=159294576]
script = ExtResource("1_80nbo")

[node name="DirectionalLight3D" type="DirectionalLight3D" parent="." unique_id=786196250]
transform = Transform3D(-0.8660254, -0.43301278, 0.25, 0, 0.49999997, 0.86602545, -0.50000006, 0.75, -0.43301266, 0, 0, 0)
shadow_enabled = true

[node name="WorldEnvironment" type="WorldEnvironment" parent="." unique_id=1829733486]
environment = SubResource("Environment_e2o6t")

[node name="MultiplayerSpawner" type="MultiplayerSpawner" parent="." unique_id=2044530733]
_spawnable_scenes = PackedStringArray("uid://dbiptpnc576os")
spawn_path = NodePath("..")

[node name="HostPosition" type="Node3D" parent="." unique_id=1158607876]
transform = Transform3D(1, 0, 0, 0, 1, 0, 0, 0, 1, 6, 2, 0)

[node name="ClientPosition" type="Node3D" parent="." unique_id=144583522]
transform = Transform3D(1, 0, 0, 0, 1, 0, 0, 0, 1, -6, 2, 0)

[node name="CSGCombiner3D" type="CSGCombiner3D" parent="." unique_id=1721842706]
use_collision = true

[node name="CSGBox3D" type="CSGBox3D" parent="CSGCombiner3D" unique_id=494683257]
size = Vector3(48, 1, 48)

[node name="CSGBox3D2" type="CSGBox3D" parent="CSGCombiner3D" unique_id=1956615210]
transform = Transform3D(1, 0, 0, 0, 1, 0, 0, 0, 1, -23.5, 1, 0)
size = Vector3(1, 1, 30)

[node name="CSGBox3D3" type="CSGBox3D" parent="CSGCombiner3D" unique_id=103847678]
transform = Transform3D(1, 0, 0, 0, 1, 0, 0, 0, 1, 23.5, 1, 0)
size = Vector3(1, 1, 30)

[node name="CSGBox3D4" type="CSGBox3D" parent="CSGCombiner3D" unique_id=31591997]
transform = Transform3D(1, 0, 0, 0, 1, 0, 0, 0, 1, 0, 1, 23.5)
size = Vector3(32, 1, 1)

[node name="CSGBox3D6" type="CSGBox3D" parent="CSGCombiner3D" unique_id=1383173603]
transform = Transform3D(1, 0, 0, 0, 1, 0, 0, 0, 1, 0, 4, 0.5)
size = Vector3(5, 9, 5)

[node name="CSGBox3D20" type="CSGBox3D" parent="CSGCombiner3D" unique_id=2062358118]
transform = Transform3D(1, 0, 0, 0, 1, 0, 0, 0, 1, 0, 7.5, 0.5)
size = Vector3(5, 2, 26)

[node name="CSGBox3D21" type="CSGBox3D" parent="CSGCombiner3D" unique_id=1785275552]
transform = Transform3D(0.49999997, 0, 0.8660253, 0, 1, 0, -0.8660253, 0, 0.49999997, -1, 7.5, 13.5)
size = Vector3(5, 2, 26)

[node name="CSGBox3D22" type="CSGBox3D" parent="CSGCombiner3D" unique_id=1998108586]
transform = Transform3D(0.49999997, 0, 0.8660253, 0, 1, 0, -0.8660253, 0, 0.49999997, 1, 7.5, -12.5)
size = Vector3(5, 2, 26)

[node name="CSGBox3D14" type="CSGBox3D" parent="CSGCombiner3D" unique_id=1009386588]
transform = Transform3D(1, 0, 0, 0, 1, 0, 0, 0, 1, 0, 4, -14.5)
size = Vector3(5, 9, 5)

[node name="CSGBox3D17" type="CSGBox3D" parent="CSGCombiner3D" unique_id=163519711]
transform = Transform3D(1, 0, 0, 0, 1, 0, 0, 0, 1, 0, 5, -14.5)
size = Vector3(7, 1, 7)

[node name="CSGBox3D16" type="CSGBox3D" parent="CSGCombiner3D" unique_id=2090581254]
transform = Transform3D(-4.371139e-08, -0.86602545, -0.49999997, 0, 0.49999997, -0.86602545, 1, -3.7855173e-08, -2.1855692e-08, 6, 1, -14.5)
size = Vector3(6, 9, 5)

[node name="CSGBox3D18" type="CSGBox3D" parent="CSGCombiner3D" unique_id=372296046]
transform = Transform3D(1, 0, 0, 0, 1, 0, 0, 0, 1, 0, 5, 15.5)
size = Vector3(7, 1, 7)

[node name="CSGBox3D19" type="CSGBox3D" parent="CSGCombiner3D" unique_id=1471066698]
transform = Transform3D(1.3113416e-07, 0.86602545, 0.49999997, 1.7763568e-15, 0.49999997, -0.86602545, -1, 1.1356552e-07, 6.556707e-08, -6, 1, 15.5)
size = Vector3(6, 9, 5)

[node name="CSGBox3D15" type="CSGBox3D" parent="CSGCombiner3D" unique_id=1875798912]
transform = Transform3D(1, 0, 0, 0, 1, 0, 0, 0, 1, 0, 4, 15.5)
size = Vector3(5, 9, 5)

[node name="CSGBox3D10" type="CSGBox3D" parent="CSGCombiner3D" unique_id=1272088650]
transform = Transform3D(1, 0, 0, 0, 1, 0, 0, 0, 1, 10, 4, 0.5)
size = Vector3(1, 9, 20)

[node name="CSGBox3D11" type="CSGBox3D" parent="CSGCombiner3D" unique_id=2030495706]
transform = Transform3D(1, 0, 0, 0, 1, 0, 0, 0, 1, -10, 4, 0.5)
size = Vector3(1, 9, 20)

[node name="CSGBox3D12" type="CSGBox3D" parent="CSGCombiner3D" unique_id=1049813535]
transform = Transform3D(1, 0, 0, 0, 0.96592593, 0.25881907, 0, -0.25881907, 0.96592593, 8.5, 2, 0.5)
size = Vector3(2, 5, 38)

[node name="CSGBox3D13" type="CSGBox3D" parent="CSGCombiner3D" unique_id=1834580409]
transform = Transform3D(1, 0, 0, 0, 0.9659258, -0.25881904, 0, 0.25881904, 0.9659258, -8.5, 2, 0.5)
size = Vector3(2, 5, 38)

[node name="CSGBox3D7" type="CSGBox3D" parent="CSGCombiner3D" unique_id=1901101880]
transform = Transform3D(1, 0, 0, 0, 1, 0, 0, 0, 1, 0, 4, 0.5)
size = Vector3(7, 1, 7)

[node name="CSGBox3D8" type="CSGBox3D" parent="CSGCombiner3D" unique_id=1380326149]
transform = Transform3D(1, 0, 0, 0, 0.8660254, -0.5, 0, 0.5, 0.8660254, 0, 2, 7.5)
size = Vector3(7, 1, 9)

[node name="CSGBox3D9" type="CSGBox3D" parent="CSGCombiner3D" unique_id=1261996087]
transform = Transform3D(-1, -4.371139e-08, -7.5710346e-08, 0, 0.8660254, -0.5, 8.742278e-08, -0.5, -0.8660254, -3.7855173e-08, 2, -6.366025)
size = Vector3(7, 1, 9)

[node name="CSGBox3D5" type="CSGBox3D" parent="CSGCombiner3D" unique_id=1989560124]
transform = Transform3D(1, 0, 0, 0, 1, 0, 0, 0, 1, 0, 1, -23.5)
size = Vector3(32, 1, 1)
