[gd_scene format=3 uid="uid://cyi1st5yo8ukd"]

[ext_resource type="Script" uid="uid://iefbpqgwinon" path="res://game.gd" id="1_80nbo"]
[ext_resource type="Texture2D" uid="uid://mnu41vwdqady" path="res://citrus_orchard_road_puresky_1k.exr" id="2_e2o6t"]

[sub_resource type="PanoramaSkyMaterial" id="PanoramaSkyMaterial_feb5d"]
panorama = ExtResource("2_e2o6t")
energy_multiplier = 0.6

[sub_resource type="Sky" id="Sky_fc0e3"]
sky_material = SubResource("PanoramaSkyMaterial_feb5d")

[sub_resource type="Environment" id="Environment_7jktm"]
background_mode = 2
sky = SubResource("Sky_fc0e3")
ssr_enabled = true
ssao_enabled = true
ssil_enabled = true
sdfgi_energy = 7.53
glow_enabled = true

[sub_resource type="StandardMaterial3D" id="StandardMaterial3D_e2o6t"]
albedo_color = Color(0.31925523, 0.31925526, 0.31925526, 1)

[node name="Game" type="Node3D" unique_id=159294576]
script = ExtResource("1_80nbo")

[node name="DirectionalLight3D" type="DirectionalLight3D" parent="." unique_id=1832658133]
transform = Transform3D(-0.83125776, -0.34769404, 0.43372738, 0.25593898, 0.45324063, 0.8538548, -0.4934631, 0.82078123, -0.2877713, 0, 73.91589, 0)
light_energy = 10.0
shadow_enabled = true
sky_mode = 1

[node name="WorldEnvironment" type="WorldEnvironment" parent="." unique_id=1829733486]
environment = SubResource("Environment_7jktm")

[node name="MultiplayerSpawner" type="MultiplayerSpawner" parent="." unique_id=2044530733]
_spawnable_scenes = PackedStringArray("uid://dbiptpnc576os")
spawn_path = NodePath("..")

[node name="HostPosition" type="Node3D" parent="." unique_id=1158607876]
transform = Transform3D(1, 0, 0, 0, 1, 0, 0, 0, 1, -21.80098, -2.2020383, 31.755985)

[node name="ClientPosition" type="Node3D" parent="." unique_id=144583522]
transform = Transform3D(1, 0, 0, 0, 1, 0, 0, 0, 1, 32.511307, -2.6308784, 34.14892)

[node name="CSGCombiner3D" type="CSGCombiner3D" parent="." unique_id=1721842706]
transform = Transform3D(1, 0, 0, 0, 1, 0, 0, 0, 1, 0, -6, 0)
material_override = SubResource("StandardMaterial3D_e2o6t")
use_collision = true
collision_layer = 3

[node name="CSGBox3D5" type="CSGBox3D" parent="CSGCombiner3D" unique_id=293349320]
transform = Transform3D(1, 0, 0, 0, 1, 0, 0, 0, 1, -1.3028345, 12.475954, -21.679174)
size = Vector3(111.05664, 53.74765, 30.612885)

[node name="CSGBox3D3" type="CSGBox3D" parent="CSGCombiner3D" unique_id=347071348]
transform = Transform3D(1, 0, 0, 0, 1, 0, 0, 0, 1, -34.08135, 18.951168, 15.473034)
size = Vector3(44, 54.942566, 99.42797)

[node name="CSGBox3D4" type="CSGBox3D" parent="CSGCombiner3D" unique_id=502171835]
transform = Transform3D(1, 0, 0, 0, 1, 0, 0, 0, 1, -1.3074112, 22.858303, 68.3069)
size = Vector3(111.05664, 45.128296, 22.253048)

[node name="CSGBox3D" type="CSGBox3D" parent="CSGCombiner3D" unique_id=1987546742]
transform = Transform3D(1, 0, 0, 0, 1, 0, 0, 0, 1, -7.550537, -6.2931786, 16.611706)
size = Vector3(91.12213, 15, 84.965775)

[node name="CSGBox3D2" type="CSGBox3D" parent="CSGCombiner3D" unique_id=1501931990]
transform = Transform3D(1, 0, 0, 0, 1, 0, 0, 0, 1, 46.057144, 21.812206, 17.973803)
size = Vector3(44, 45.128296, 102.560486)

[node name="CSGBox3D9" type="CSGBox3D" parent="CSGCombiner3D" unique_id=999676975]
transform = Transform3D(0.99999994, -0.00019119386, 0.00016594496, 0.00019122375, 1, -0.00011782835, -0.0001659105, 0.00011787685, 0.9999999, 6.447481, -1.1789217, 48.128185)
operation = 2
size = Vector3(13.334778, 7, 17.908203)

[node name="CSGBox3D30" type="CSGBox3D" parent="CSGCombiner3D" unique_id=779207569]
transform = Transform3D(1, 0, 0, 0, 1, 0, 0, 0, 1, 6.217825, -2.245615, 28.13773)
operation = 2
size = Vector3(5.8679543, 4, 56.10486)

[node name="CSGBox3D34" type="CSGBox3D" parent="CSGCombiner3D" unique_id=1454340569]
transform = Transform3D(1, 0, 0, 0, 1, 0, 0, 0, 1, 5.267334, -2.4950047, 26.447449)
operation = 2
size = Vector3(42, 3, 7.900482)

[node name="CSGBox3D31" type="CSGBox3D" parent="CSGCombiner3D" unique_id=189980320]
transform = Transform3D(1, 0, 0, 0, 1, 0, 0, 0, 1, 5.2244797, -2.1203098, 3.7079506)
operation = 2
size = Vector3(40.066086, 3.7493896, 7.2453003)

[node name="CSGBox3D32" type="CSGBox3D" parent="CSGCombiner3D" unique_id=863235942]
transform = Transform3D(1, 0, 0, 0, 1, 0, 0, 0, 1, 23.516453, -2.4910316, 12.051825)
operation = 2
size = Vector3(6.0988026, 3, 23.882713)

[node name="CSGBox3D36" type="CSGBox3D" parent="CSGCombiner3D" unique_id=371022315]
transform = Transform3D(1, 0, 0, 0, 1, 0, 0, 0, 1, 27.979975, -1.4910316, 16.027132)
operation = 2
size = Vector3(3.4123335, 5, 3.6710691)

[node name="CSGBox3D33" type="CSGBox3D" parent="CSGCombiner3D" unique_id=1189374017]
transform = Transform3D(1, 0, 0, 0, 1, 0, 0, 0, 1, -13.039461, -2.4860363, 11.996303)
operation = 2
size = Vector3(6.0988026, 3, 23.790916)

[node name="CSGBox3D37" type="CSGBox3D" parent="CSGCombiner3D" unique_id=1250707447]
transform = Transform3D(1, 0, 0, 0, 1, 0, 0, 0, 1, -17.853123, -0.9924965, 15.437551)
operation = 2
size = Vector3(3.6762323, 5.9970703, 3.2698727)

[node name="CSGBox3D10" type="CSGBox3D" parent="CSGCombiner3D" unique_id=1204738583]
transform = Transform3D(0.8660253, -0.49999997, 0, 0.49999997, 0.8660253, 0, 0, 0, 1, 15.529691, 1.3627615, 48.128235)
operation = 2
size = Vector3(10.614746, 6.180176, 17.908203)

[node name="CSGBox3D11" type="CSGBox3D" parent="CSGCombiner3D" unique_id=1150724666]
transform = Transform3D(-0.8660253, 0.5, 8.742278e-08, 0.5, 0.8660253, 0, -7.5710346e-08, 4.3711392e-08, -1, -2.8931906, 1.2046804, 48.128235)
operation = 2
size = Vector3(11, 6.180176, 17.908203)

[node name="CSGBox3D14" type="CSGBox3D" parent="CSGCombiner3D" unique_id=1692973505]
transform = Transform3D(1, 0, 0, 0, 1, 0, 0, 0, 1, 4.1582317, 14.108957, 20.30978)
operation = 2
size = Vector3(52.326534, 6.180176, 83.6821)

[node name="CSGBox3D16" type="CSGBox3D" parent="CSGCombiner3D" unique_id=1544253630]
transform = Transform3D(1, 0, 0, 0, 1, 0, 0, 0, 1, 4.5545654, 3.4632835, 17.848366)
operation = 2
size = Vector3(53.1192, 6.180176, 78.75927)

[node name="CSGBox3D6" type="CSGBox3D" parent="CSGCombiner3D" unique_id=681176957]
transform = Transform3D(1, 0, 0, 0, 1, 0, 0, 0, 1, -17.85534, 2.308857, -1.2267485)
size = Vector3(3.4426808, 15, 16.785566)

[node name="CSGBox3D7" type="CSGBox3D" parent="CSGCombiner3D" unique_id=912699929]
transform = Transform3D(1, 0, 0, 0, 1, 0, 0, 0, 1, 27.974508, 2.308857, -1.2267485)
size = Vector3(3.0962183, 15, 16.785566)

[node name="CSGBox3D15" type="CSGBox3D" parent="CSGCombiner3D" unique_id=100022916]
transform = Transform3D(0.99999464, -0.0011908966, 0.0030498472, 0.0025580318, 0.8655921, -0.5007433, -0.0020435934, 0.50074846, 0.8655905, -17.885237, 6.4801617, 1.862258)
operation = 2
size = Vector3(3.6574774, 6.180176, 31.131416)

[node name="CSGBox3D18" type="CSGBox3D" parent="CSGCombiner3D" unique_id=1479361851]
transform = Transform3D(1, 0, 0, 0, 0.86602545, -0.50000006, 0, 0.50000006, 0.86602545, 27.98209, 6.324892, 2.5302699)
operation = 2
size = Vector3(3.4287786, 6.180176, 30.508171)

[node name="CSGBox3D8" type="CSGBox3D" parent="CSGCombiner3D" unique_id=874362290]
transform = Transform3D(0.99999994, -0.00019119386, 0.00016594496, 0.00019122375, 1, -0.00011782835, -0.0001659105, 0.00011787685, 0.9999999, -12.010989, 4.295619, 25.491074)
size = Vector3(0.6152402, 8.05127, 64.27539)

[node name="CSGBox3D35" type="CSGBox3D" parent="CSGCombiner3D" unique_id=1494598921]
transform = Transform3D(0.99999994, -0.00019119386, 0.00016594496, 0.00019122375, 1, -0.00011782835, -0.0001659105, 0.00011787685, 0.9999999, 23.965322, 4.295619, 25.491074)
size = Vector3(0.6152402, 8.05127, 64.27539)

[node name="CSGBox3D19" type="CSGBox3D" parent="CSGCombiner3D" unique_id=964610424]
transform = Transform3D(0.99999374, -0.0027472218, 0.0022120415, 0.0027493974, 0.99999577, -0.0009777757, -0.0022093377, 0.000983859, 0.999997, -11.996281, 13.867622, 25.488258)
size = Vector3(0.6152402, 8.05127, 64.27539)

[node name="CSGBox3D29" type="CSGBox3D" parent="CSGCombiner3D" unique_id=1388546640]
transform = Transform3D(0.99999374, -0.0027472218, 0.0022120415, 0.0027493974, 0.99999577, -0.0009777757, -0.0022093377, 0.000983859, 0.999997, 5.6989393, 13.927631, -6.190546)
size = Vector3(36.11902, 8.05127, 0.99609375)

[node name="CSGBox3D38" type="CSGBox3D" parent="CSGCombiner3D" unique_id=1426862383]
transform = Transform3D(0.99999374, -0.0027472218, 0.0022120415, 0.0027493974, 0.99999577, -0.0009777757, -0.0022093377, 0.000983859, 0.999997, 5.6989393, 4.3365974, -6.190546)
size = Vector3(36.11902, 8.05127, 0.99609375)

[node name="CSGBox3D12" type="CSGBox3D" parent="CSGCombiner3D" unique_id=1352140340]
transform = Transform3D(1, 0, 0, 0, 1, 0, 0, 0, 1, -9, 3.4909363, 48.281956)
operation = 2
size = Vector3(7, 5.9818726, 11.876953)

[node name="CSGBox3D13" type="CSGBox3D" parent="CSGCombiner3D" unique_id=2098259750]
transform = Transform3D(1, 0, 0, 0, 1, 0, 0, 0, 1, -9, 3.4909363, 27.376892)
operation = 2
size = Vector3(7, 5.9818726, 11.876953)

[node name="CSGBox3D27" type="CSGBox3D" parent="CSGCombiner3D" unique_id=49992137]
transform = Transform3D(1, 0, 0, 0, 1, 0, 0, 0, 1, 26.03159, 3.4909363, 48.281956)
operation = 2
size = Vector3(7, 5.9818726, 11.876953)

[node name="CSGBox3D28" type="CSGBox3D" parent="CSGCombiner3D" unique_id=1572809758]
transform = Transform3D(1, 0, 0, 0, 1, 0, 0, 0, 1, 26.03159, 3.4909363, 27.376892)
operation = 2
size = Vector3(7, 5.9818726, 11.876953)

[node name="CSGBox3D20" type="CSGBox3D" parent="CSGCombiner3D" unique_id=959329359]
transform = Transform3D(1, 0, 0, 0, 1, 0, 0, 0, 1, -9, 13.205529, 48.281956)
operation = 2
size = Vector3(7, 3, 11.876953)

[node name="CSGBox3D21" type="CSGBox3D" parent="CSGCombiner3D" unique_id=211520141]
transform = Transform3D(1, 0, 0, 0, 1, 0, 0, 0, 1, -9, 13.205529, 27.376892)
operation = 2
size = Vector3(7, 3, 11.876953)

[node name="CSGBox3D22" type="CSGBox3D" parent="CSGCombiner3D" unique_id=476044317]
transform = Transform3D(1, 0, 0, 0, 1, 0, 0, 0, 1, -9, 13.205529, 6.789177)
operation = 2
size = Vector3(7, 3, 11.876953)

[node name="CSGBox3D23" type="CSGBox3D" parent="CSGCombiner3D" unique_id=366224995]
transform = Transform3D(0.99999374, -0.0027472218, 0.0022120415, 0.0027493974, 0.99999577, -0.0009777757, -0.0022093377, 0.000983859, 0.999997, 23.561268, 13.867622, 25.488258)
size = Vector3(0.6152402, 8.05127, 64.27539)

[node name="CSGBox3D24" type="CSGBox3D" parent="CSGCombiner3D" unique_id=1992322951]
transform = Transform3D(1, 0, 0, 0, 1, 0, 0, 0, 1, 26.557549, 13.205529, 48.281956)
operation = 2
size = Vector3(7, 3, 11.876953)

[node name="CSGBox3D25" type="CSGBox3D" parent="CSGCombiner3D" unique_id=1621098020]
transform = Transform3D(1, 0, 0, 0, 1, 0, 0, 0, 1, 26.557549, 13.205529, 27.376892)
operation = 2
size = Vector3(7, 3, 11.876953)

[node name="CSGBox3D26" type="CSGBox3D" parent="CSGCombiner3D" unique_id=1822196271]
transform = Transform3D(1, 0, 0, 0, 1, 0, 0, 0, 1, 26.557549, 13.205529, 6.789177)
operation = 2
size = Vector3(7, 3, 11.876953)
