[gd_scene format=3 uid="uid://dcwoh2ee3wly2"]

[ext_resource type="Script" uid="uid://l6xlch4jtdhe" path="res://gun.gd" id="1_5bb75"]
[ext_resource type="PackedScene" uid="uid://yg2u62is0a7y" path="res://Leader _50.fbx" id="2_7oeqp"]

[node name="Shotgun" type="Node3D" unique_id=345758277]
script = ExtResource("1_5bb75")
damage = 15
fire_rate = 1.5
mag_size = 5

[node name="Raycasts" type="Node3D" parent="." unique_id=832925510]

[node name="AttackRaycast" type="RayCast3D" parent="Raycasts" unique_id=1089709099]
transform = Transform3D(0.99999994, 0, 0, 0, 1, 0, 0, 0, 1, 0, 0, 0)
target_position = Vector3(0, 0, -1000)
collision_mask = 2
collide_with_areas = true

[node name="AttackRaycast2" type="RayCast3D" parent="Raycasts" unique_id=827576581]
transform = Transform3D(0.9999999, 0, 0, 0, 0.9986075, -0.052754268, 0, 0.052754268, 0.9986075, 0, 0, 0)
target_position = Vector3(0, 0, -1000)
collision_mask = 2
collide_with_areas = true

[node name="AttackRaycast3" type="RayCast3D" parent="Raycasts" unique_id=1082258405]
transform = Transform3D(0.9999999, 0, 0, 0, 0.99889064, 0.047089003, 0, -0.047089003, 0.99889064, 0, 0, 0)
target_position = Vector3(0, 0, -1000)
collision_mask = 2
collide_with_areas = true

[node name="AttackRaycast4" type="RayCast3D" parent="Raycasts" unique_id=1808144348]
transform = Transform3D(0.9991198, 0, -0.041945405, 0, 1, 0, 0.0419454, 0, 0.9991199, 0, 0, 0)
target_position = Vector3(0, 0, -1000)
collision_mask = 2
collide_with_areas = true

[node name="AttackRaycast5" type="RayCast3D" parent="Raycasts" unique_id=715740329]
transform = Transform3D(0.99911976, -0.0022127992, -0.041886996, 0, 0.9986075, -0.052754268, 0.0419454, 0.052707836, 0.99772865, 0, 0, 0)
target_position = Vector3(0, 0, -1000)
collision_mask = 2
collide_with_areas = true

[node name="AttackRaycast6" type="RayCast3D" parent="Raycasts" unique_id=848720151]
transform = Transform3D(0.99911976, 0.0019751675, -0.041898873, 0, 0.99889064, 0.047089007, 0.0419454, -0.047047563, 0.99801147, 0, 0, 0)
target_position = Vector3(0, 0, -1000)
collision_mask = 2
collide_with_areas = true

[node name="AttackRaycast7" type="RayCast3D" parent="Raycasts" unique_id=855301121]
transform = Transform3D(0.9992054, 0, 0.039852757, 0, 1, 0, -0.03985276, 0, 0.99920547, 0, 0, 0)
target_position = Vector3(0, 0, -1000)
collision_mask = 2
collide_with_areas = true

[node name="AttackRaycast8" type="RayCast3D" parent="Raycasts" unique_id=10578314]
transform = Transform3D(0.99920535, 0.0021024032, 0.03979727, 7.63669e-11, 0.99860764, -0.05275428, -0.039852757, 0.052712366, 0.99781424, 0, 0, 0)
target_position = Vector3(0, 0, -1000)
collision_mask = 2
collide_with_areas = true

[node name="AttackRaycast9" type="RayCast3D" parent="Raycasts" unique_id=1841246161]
transform = Transform3D(0.99920535, -0.0018766269, 0.03980855, -1.562588e-10, 0.99889064, 0.047089003, -0.039852753, -0.047051594, 0.99809706, 0, 0, 0)
target_position = Vector3(0, 0, -1000)
collision_mask = 2
collide_with_areas = true

[node name="Leader _50" parent="." unique_id=1598665167 instance=ExtResource("2_7oeqp")]
transform = Transform3D(-0.02546855, 0.21828248, -0.069880545, 0.035006545, -0.046378482, -0.30745128, -0.25470862, -0.028200416, -0.035267953, -0.09381533, -0.6549541, -1.0513766)

[node name="Light" parent="Leader _50" index="0" unique_id=104521066]
light_energy = 0.0

[node name="Leader _51" parent="." unique_id=454277615 instance=ExtResource("2_7oeqp")]
transform = Transform3D(-0.02546855, 0.21828248, -0.069880545, 0.035006545, -0.046378482, -0.30745128, -0.25470862, -0.028200416, -0.035267953, 0.09151607, -0.69527155, -1.0671245)

[node name="Light" parent="Leader _51" index="0" unique_id=104521066]
light_energy = 0.0

[node name="Leader _52" parent="." unique_id=690512617 instance=ExtResource("2_7oeqp")]
transform = Transform3D(-0.02546855, 0.21828248, -0.069880545, 0.035006545, -0.046378482, -0.30745128, -0.25470862, -0.028200416, -0.035267953, -0.0025628542, -0.67772657, -1.0336646)

[node name="Light" parent="Leader _52" index="0" unique_id=104521066]
light_energy = 0.0

[editable path="Leader _50"]
[editable path="Leader _51"]
[editable path="Leader _52"]
